              precision    recall  f1-score   support

           A      0.000     0.000     0.000         0
           B      0.000     0.000     0.000         0
           C      0.000     0.000     0.000         0
           D      0.250     1.000     0.400         2
           E      0.571     1.000     0.727         4
           F      0.800     1.000     0.889         4
           G      0.833     1.000     0.909        10
           H      0.987     0.987     0.987        77
           I      1.000     0.989     0.995        94
           K      0.979     0.979     0.979        97
           L      0.979     1.000     0.989        94
           M      1.000     0.944     0.971        90
           N      1.000     0.979     0.989        96
           O      0.990     0.990     0.990        99
           P      0.989     0.979     0.984        95
           Q      0.959     1.000     0.979        93
           R      0.989     0.979     0.984        94
           S      0.957     0.957     0.957        94
           T      0.989     0.958     0.974        96
           U      1.000     0.969     0.984        96
           V      0.990     0.990     0.990        96
           W      0.989     0.989     0.989        95
           X      1.000     0.924     0.960        92
           Y      1.000     0.955     0.977        88

    accuracy                          0.975      1606
   macro avg      0.802     0.857     0.817      1606
weighted avg      0.985     0.975     0.979      1606
